0.000000000000000000e+00 0.000000000000000000e+00 0.000000000000000000e+00 0.000000000000000000e+00 0.000000000000000000e+00 0.000000000000000000e+00
0.000000000000000000e+00 0.000000000000000000e+00 0.000000000000000000e+00 0.000000000000000000e+00 0.000000000000000000e+00 0.000000000000000000e+00
1.652862187500000000e+05 4.767046080000000000e+08 3.523130368000000000e+09 -1.251545200000000000e+07 3.403437200000000000e+07 -1.832738688000000000e+09
3.799571600000000000e+07 1.839566800000000000e+07 4.436086400000000000e+08 -3.738803200000000000e+07 1.836039040000000000e+08 -1.277502000000000000e+08
1.019229920000000000e+08 6.870599000000000000e+06 3.891206400000000000e+09 -3.740363600000000000e+07 8.906215040000000000e+08 -2.311073600000000000e+08
1.711758848000000000e+09 5.783456250000000000e+05 2.876626880000000000e+08 4.435023200000000000e+07 -9.923800960000000000e+08 -1.818096000000000000e+07
1.223552896000000000e+09 1.019871440000000000e+08 1.744599200000000000e+08 4.995655360000000000e+08 6.533925760000000000e+08 1.886381280000000000e+08
1.276521856000000000e+09 2.565981696000000000e+09 1.574968320000000000e+08 2.559493120000000000e+09 6.341100800000000000e+08 8.990358400000000000e+08
1.366519296000000000e+09 9.820493600000000000e+07 3.527577200000000000e+07 -5.180632640000000000e+08 -3.104996800000000000e+08 8.323646400000000000e+07
1.564812100000000000e+07 1.153537152000000000e+09 2.830814720000000000e+09 -1.899940000000000000e+08 -2.976234560000000000e+08 2.555554048000000000e+09
3.494521484375000000e+04 9.320676000000000000e+07 6.758296500000000000e+06 2.545797500000000000e+06 -6.855873125000000000e+05 -3.549415600000000000e+07
7.854607200000000000e+07 1.013431296000000000e+09 4.080226560000000000e+08 3.989948480000000000e+08 2.531720960000000000e+08 9.093973120000000000e+08
2.063832704000000000e+09 3.189787200000000000e+07 1.904269056000000000e+09 3.628150080000000000e+08 2.803601664000000000e+09 3.485043200000000000e+08
2.299620160000000000e+08 3.738097500000000000e+06 7.662999680000000000e+08 4.145306800000000000e+07 5.936663680000000000e+08 7.567094400000000000e+07
1.558024960000000000e+08 1.376665728000000000e+09 2.467531776000000000e+09 -6.549600640000000000e+08 8.768552960000000000e+08 -2.606510080000000000e+09
1.155721216000000000e+09 1.069173680000000000e+08 2.373614560000000000e+08 -4.971242880000000000e+08 7.407029120000000000e+08 -2.252881920000000000e+08
3.668591680000000000e+08 6.278221440000000000e+08 5.053186880000000000e+08 -6.787043200000000000e+08 -6.089015040000000000e+08 7.965536000000000000e+08
1.562750000000000000e+07 2.661665536000000000e+09 1.322707072000000000e+09 -2.883772800000000000e+08 2.032961920000000000e+08 -2.653523456000000000e+09
1.311566976000000000e+09 4.417059840000000000e+08 2.467272800000000000e+08 1.076406912000000000e+09 -8.044794880000000000e+08 -4.668617920000000000e+08
2.626119168000000000e+09 1.130510080000000000e+09 2.433708800000000000e+08 -2.436729600000000000e+09 -1.130593408000000000e+09 7.417970560000000000e+08
1.828807031250000000e+04 3.497639360000000000e+08 6.502177920000000000e+08 3.512070500000000000e+06 4.786396500000000000e+06 6.744204800000000000e+08
1.990953728000000000e+09 1.434179003906250000e+04 9.032105000000000000e+06 -6.477153500000000000e+06 1.896444000000000000e+08 -4.362630937500000000e+05
1.028623552000000000e+09 1.520638200000000000e+07 2.956170240000000000e+09 1.768278560000000000e+08 -2.466084608000000000e+09 -2.997670720000000000e+08
0.000000000000000000e+00 0.000000000000000000e+00 0.000000000000000000e+00 0.000000000000000000e+00 0.000000000000000000e+00 0.000000000000000000e+00
3.791492160000000000e+08 1.370816256000000000e+09 2.250034176000000000e+09 1.019551744000000000e+09 1.306205568000000000e+09 2.483693312000000000e+09
4.978784640000000000e+08 1.994858080000000000e+08 3.026356800000000000e+08 -4.456897600000000000e+08 5.489525760000000000e+08 -3.474793280000000000e+08
6.044668160000000000e+08 2.685950400000000000e+08 1.126938240000000000e+09 5.698310400000000000e+08 1.167216000000000000e+09 7.780561920000000000e+08
4.660617600000000000e+08 2.665547776000000000e+09 8.683900800000000000e+08 1.576259200000000000e+09 8.996812800000000000e+08 2.151617280000000000e+09
7.661048800000000000e+07 7.136235200000000000e+07 1.852027008000000000e+09 1.045630720000000000e+08 5.326997760000000000e+08 5.141166400000000000e+08
2.036791040000000000e+09 1.927287552000000000e+09 3.592151200000000000e+07 2.801946624000000000e+09 -3.825298880000000000e+08 -3.721042880000000000e+08
8.970035200000000000e+07 2.482108960000000000e+08 1.662088832000000000e+09 -2.110158720000000000e+08 5.460576000000000000e+08 -9.083416320000000000e+08
4.725487040000000000e+08 4.965253120000000000e+08 3.030925824000000000e+09 6.850205440000000000e+08 -1.692488448000000000e+09 -1.734882304000000000e+09
1.475488896000000000e+09 2.286805600000000000e+08 2.958305920000000000e+08 -8.214732160000000000e+08 9.343390720000000000e+08 -3.678304000000000000e+08
3.486041600000000000e+08 1.065950880000000000e+08 1.544800768000000000e+09 -2.726121280000000000e+08 -1.037808320000000000e+09 5.738680960000000000e+08
9.277256960000000000e+08 1.338888704000000000e+09 1.733385600000000000e+09 1.576138368000000000e+09 -1.793379072000000000e+09 -2.154436096000000000e+09
8.810090880000000000e+08 1.149891000000000000e+07 1.074919920000000000e+08 1.423346080000000000e+08 4.352029440000000000e+08 4.971591600000000000e+07
2.574795520000000000e+09 1.257209984000000000e+09 1.679942720000000000e+08 2.544417024000000000e+09 9.301083520000000000e+08 6.499274240000000000e+08
5.580116500000000000e+06 6.051313920000000000e+08 8.892884480000000000e+08 -8.217203200000000000e+07 9.961096000000000000e+07 -1.037433088000000000e+09
8.323160000000000000e+07 1.383014272000000000e+09 5.337539840000000000e+08 -4.798038720000000000e+08 -2.980745600000000000e+08 1.215061632000000000e+09
7.040319360000000000e+08 1.104075904000000000e+09 2.191892224000000000e+09 -1.246830592000000000e+09 -1.756792448000000000e+09 2.199999232000000000e+09
4.350020800000000000e+07 1.380650112000000000e+09 7.584948800000000000e+07 -3.465678720000000000e+08 -8.123204800000000000e+07 4.576491840000000000e+08
1.454441344000000000e+09 1.547975040000000000e+09 9.975838080000000000e+08 2.121988352000000000e+09 1.703482240000000000e+09 1.757400064000000000e+09
5.585026000000000000e+07 8.218397000000000000e+06 3.593134000000000000e+07 3.029839000000000000e+07 -6.335244000000000000e+07 -2.430190000000000000e+07
5.629984640000000000e+08 8.932451840000000000e+08 4.375628000000000000e+07 1.002887872000000000e+09 2.219649760000000000e+08 2.795888320000000000e+08
2.525772800000000000e+08 2.291211008000000000e+09 1.456211840000000000e+09 -1.075825024000000000e+09 -8.576651520000000000e+08 2.583206400000000000e+09
1.028626944000000000e+09 2.395410400000000000e+08 7.318320640000000000e+08 -7.019938560000000000e+08 -1.227010944000000000e+09 5.921166720000000000e+08
6.558654400000000000e+07 3.676987904000000000e+09 2.574252800000000000e+08 6.944549120000000000e+08 -1.837510080000000000e+08 -1.375897984000000000e+09
4.069143040000000000e+08 8.885684800000000000e+07 5.042288320000000000e+08 -2.689120000000000000e+08 -6.405891840000000000e+08 2.993433600000000000e+08
2.326310240000000000e+08 2.137424640000000000e+08 5.362650400000000000e+07 -3.153496640000000000e+08 -1.579568320000000000e+08 1.514081280000000000e+08
2.194812160000000000e+09 6.470273280000000000e+08 1.158160640000000000e+09 -1.685278720000000000e+09 -2.254748416000000000e+09 1.224216320000000000e+09
2.636847200000000000e+08 2.201181120000000000e+08 1.619713200000000000e+07 3.407090560000000000e+08 9.242223200000000000e+07 8.444248000000000000e+07
2.604512000000000000e+08 3.625340416000000000e+09 1.142081440000000000e+08 1.374187136000000000e+09 2.439063040000000000e+08 9.099917440000000000e+08
4.367564800000000000e+08 7.121226880000000000e+08 3.511208640000000000e+08 -7.886965760000000000e+08 5.538124160000000000e+08 -7.071634560000000000e+08
0.000000000000000000e+00 0.000000000000000000e+00 0.000000000000000000e+00 0.000000000000000000e+00 0.000000000000000000e+00 0.000000000000000000e+00
3.892162304000000000e+09 2.154270400000000000e+07 8.629502400000000000e+07 4.094804480000000000e+08 -8.195792000000000000e+08 -6.096509600000000000e+07
0.000000000000000000e+00 0.000000000000000000e+00 0.000000000000000000e+00 0.000000000000000000e+00 0.000000000000000000e+00 0.000000000000000000e+00
1.419166848000000000e+09 2.306175200000000000e+08 2.350215424000000000e+09 -8.090396160000000000e+08 -2.582768896000000000e+09 1.041136832000000000e+09
1.586788352000000000e+09 3.917200640000000000e+08 2.149147000000000000e+07 1.114961280000000000e+09 2.611605280000000000e+08 1.297578960000000000e+08
7.077259520000000000e+08 2.518644400000000000e+07 1.267087744000000000e+09 -1.887997920000000000e+08 1.339216640000000000e+09 -2.526207200000000000e+08
2.039001984000000000e+09 2.329080000000000000e+08 1.728089984000000000e+09 -9.745685120000000000e+08 2.654644992000000000e+09 -8.971876480000000000e+08
7.538983200000000000e+07 1.811113216000000000e+09 1.134969680000000000e+08 5.225564160000000000e+08 1.308147040000000000e+08 6.411792640000000000e+08
3.119205632000000000e+09 1.806923840000000000e+08 7.001018240000000000e+08 1.061705472000000000e+09 -2.089853568000000000e+09 -5.029864960000000000e+08
1.980538400000000000e+08 1.516059520000000000e+09 2.858865600000000000e+08 -7.749280000000000000e+08 3.365090880000000000e+08 -9.310423680000000000e+08
2.470198016000000000e+09 2.119591750000000000e+06 1.527682048000000000e+09 -1.021481920000000000e+08 -2.747244544000000000e+09 8.032974400000000000e+07
6.974488125000000000e+05 2.112197600000000000e+07 1.478180352000000000e+09 5.427942000000000000e+06 -4.540690000000000000e+07 -2.498714560000000000e+08
1.473197696000000000e+09 4.117499200000000000e+07 4.856274880000000000e+08 3.482905280000000000e+08 1.196181504000000000e+09 1.999692800000000000e+08
3.103143680000000000e+09 4.244676480000000000e+08 4.723884480000000000e+08 -1.623073536000000000e+09 1.712228096000000000e+09 -6.332614400000000000e+08
2.932018200000000000e+07 9.242132480000000000e+08 4.646654800000000000e+07 2.327934880000000000e+08 5.219748400000000000e+07 2.930696640000000000e+08
6.232814080000000000e+08 2.270956288000000000e+09 1.105762304000000000e+09 -1.682519424000000000e+09 1.174042624000000000e+09 -2.241039616000000000e+09
9.676403200000000000e+07 7.712752000000000000e+06 3.955232640000000000e+08 -3.863212000000000000e+07 -2.766674240000000000e+08 7.810501600000000000e+07
4.368875520000000000e+08 6.585736500000000000e+06 5.652671200000000000e+07 7.585255200000000000e+07 -2.222422720000000000e+08 -2.728428800000000000e+07
1.319654272000000000e+09 5.793336960000000000e+08 2.101012224000000000e+09 1.236542336000000000e+09 2.354823424000000000e+09 1.560237824000000000e+09
1.804870156250000000e+05 4.939528320000000000e+08 5.866660500000000000e+06 1.331823300000000000e+07 1.451293625000000000e+06 7.612946400000000000e+07
3.211387904000000000e+09 2.569327343750000000e+04 7.885861120000000000e+08 1.077660000000000000e+07 2.250535936000000000e+09 5.340236000000000000e+06
8.917505000000000000e+06 4.303539200000000000e+07 4.804710800000000000e+07 -2.770438400000000000e+07 -2.927293400000000000e+07 6.430734400000000000e+07
1.263274080000000000e+08 1.022387392000000000e+09 8.512851840000000000e+08 5.082404160000000000e+08 4.637622080000000000e+08 1.319348224000000000e+09
5.243077120000000000e+08 3.395906560000000000e+08 3.136101632000000000e+09 -5.967384960000000000e+08 1.813437184000000000e+09 -1.459429376000000000e+09
8.239951500000000000e+06 1.373787904000000000e+09 1.179720800000000000e+08 -1.504411520000000000e+08 4.408666400000000000e+07 -5.693299200000000000e+08
2.583850240000000000e+09 1.365861120000000000e+09 5.028874000000000000e+07 -2.656746496000000000e+09 5.097813760000000000e+08 -3.706401600000000000e+08
4.246805760000000000e+08 1.110645120000000000e+09 4.646741440000000000e+08 9.712507520000000000e+08 -6.282318720000000000e+08 -1.015959040000000000e+09
7.206892160000000000e+08 9.926785280000000000e+08 2.866323520000000000e+08 -1.196168448000000000e+09 -6.427587840000000000e+08 7.543642240000000000e+08
1.767258112000000000e+09 3.588528000000000000e+08 1.873889024000000000e+09 1.126215424000000000e+09 -2.573571072000000000e+09 -1.159686144000000000e+09
0.000000000000000000e+00 0.000000000000000000e+00 0.000000000000000000e+00 0.000000000000000000e+00 0.000000000000000000e+00 0.000000000000000000e+00
4.586942720000000000e+08 3.158228480000000000e+09 3.830775680000000000e+08 -1.702139392000000000e+09 -5.928072960000000000e+08 1.555534336000000000e+09
1.619606240000000000e+08 1.826009472000000000e+09 1.202975900000000000e+07 -7.690697600000000000e+08 -6.242220000000000000e+07 2.096015680000000000e+08
5.824543360000000000e+08 6.264874880000000000e+08 7.910584320000000000e+08 -8.542835200000000000e+08 9.599488640000000000e+08 -9.955754240000000000e+08
1.242054400000000000e+09 2.544591360000000000e+09 2.133540800000000000e+08 -2.514158848000000000e+09 7.280001920000000000e+08 -1.042014720000000000e+09
1.184286592000000000e+09 2.618610080000000000e+08 5.385234800000000000e+07 7.875486720000000000e+08 -3.571399040000000000e+08 -1.679385440000000000e+08
6.864126720000000000e+08 3.267062784000000000e+09 4.652458400000000000e+07 2.117793280000000000e+09 -2.527220800000000000e+08 -5.513589760000000000e+08
1.380279680000000000e+08 8.044314880000000000e+08 5.754057200000000000e+07 -4.712376960000000000e+08 1.260316240000000000e+08 -3.042608640000000000e+08
3.810441600000000000e+08 3.477024960000000000e+08 3.271253248000000000e+09 5.147537600000000000e+08 1.578917888000000000e+09 1.508242688000000000e+09
6.627837600000000000e+07 2.398057920000000000e+08 1.939158560000000000e+08 1.782911360000000000e+08 -1.603259680000000000e+08 -3.049654400000000000e+08
3.136040600000000000e+07 1.859327616000000000e+09 1.093121280000000000e+08 3.414749760000000000e+08 -8.279573600000000000e+07 -6.375682560000000000e+08
1.137132032000000000e+09 2.312324864000000000e+09 5.505432320000000000e+08 2.293208832000000000e+09 -1.118954240000000000e+09 -1.595638144000000000e+09
6.562992640000000000e+08 1.340096768000000000e+09 3.604026750000000000e+06 1.326270720000000000e+09 -6.877892000000000000e+07 -9.828256000000000000e+07
1.934131456000000000e+09 1.287150208000000000e+09 7.787185280000000000e+08 -2.231364608000000000e+09 1.735594240000000000e+09 -1.415854208000000000e+09
5.555527680000000000e+08 4.385811200000000000e+08 5.866173500000000000e+06 6.980732800000000000e+08 -8.073280800000000000e+07 -7.173258400000000000e+07
4.604900480000000000e+08 2.107129120000000000e+08 8.287970560000000000e+08 4.405210880000000000e+08 8.736735360000000000e+08 5.909921920000000000e+08
1.707240960000000000e+08 3.468836608000000000e+09 3.604392640000000000e+08 -1.088290176000000000e+09 3.508105920000000000e+08 -1.581329792000000000e+09
3.528936960000000000e+08 3.184900480000000000e+08 8.286162560000000000e+08 4.741127040000000000e+08 -7.647394560000000000e+08 -7.265034880000000000e+08
1.070672064000000000e+09 9.664147840000000000e+08 1.962913024000000000e+09 -1.438540544000000000e+09 2.050187648000000000e+09 -1.947805568000000000e+09
7.024086400000000000e+08 7.923893760000000000e+08 5.202066500000000000e+06 -1.055061056000000000e+09 -8.548653600000000000e+07 9.079699200000000000e+07
4.947217200000000000e+07 2.104591600000000000e+07 1.929481984000000000e+09 4.562842000000000000e+07 -4.369339200000000000e+08 -2.849574400000000000e+08
5.047608000000000000e+08 3.494901248000000000e+09 3.379550000000000000e+05 -1.878328448000000000e+09 1.847079800000000000e+07 -4.860280800000000000e+07
7.901554400000000000e+07 1.897494200000000000e+07 2.009511000000000000e+06 -5.475951600000000000e+07 1.782003000000000000e+07 -8.732694000000000000e+06
1.552774656000000000e+09 2.388758784000000000e+09 5.846640000000000000e+07 -2.723664384000000000e+09 -4.261104320000000000e+08 5.285104960000000000e+08
2.902869760000000000e+08 1.042644224000000000e+09 1.670687040000000000e+08 7.780261120000000000e+08 -3.114408640000000000e+08 -5.902418560000000000e+08
1.616671360000000000e+09 3.469713280000000000e+08 3.635724000000000000e+07 -1.059182144000000000e+09 -3.428566720000000000e+08 1.588381600000000000e+08
3.762934720000000000e+08 2.638229120000000000e+08 3.359883776000000000e+09 -4.455804480000000000e+08 -1.590158208000000000e+09 1.331457024000000000e+09
1.120696480000000000e+08 2.899782400000000000e+08 9.795216000000000000e+07 -2.549414560000000000e+08 1.481706400000000000e+08 -2.383438720000000000e+08
2.234768640000000000e+09 1.062225216000000000e+09 7.030058880000000000e+08 2.178910208000000000e+09 -1.772587520000000000e+09 -1.222084480000000000e+09
3.366135360000000000e+08 5.171423600000000000e+07 1.111672192000000000e+09 -1.865850880000000000e+08 -8.651052160000000000e+08 3.390755520000000000e+08
6.015467600000000000e+07 7.668295040000000000e+08 1.730158720000000000e+08 3.037342400000000000e+08 -1.442724480000000000e+08 -5.151181120000000000e+08
9.392666880000000000e+08 9.059357031250000000e+04 3.060642816000000000e+09 1.248547300000000000e+07 2.397815552000000000e+09 2.253790600000000000e+07
3.906348160000000000e+08 4.490944800000000000e+07 1.064455808000000000e+09 -1.873072000000000000e+08 9.119358720000000000e+08 -3.091960320000000000e+08
1.000523937500000000e+06 3.469692672000000000e+09 5.293069440000000000e+08 -8.304794400000000000e+07 -3.244062800000000000e+07 1.916521984000000000e+09
5.951390500000000000e+06 4.258648500000000000e+06 8.978996000000000000e+07 -7.119580500000000000e+06 3.269170600000000000e+07 -2.765382000000000000e+07
3.456215680000000000e+08 3.592561920000000000e+08 2.951223040000000000e+08 4.983303040000000000e+08 4.516623680000000000e+08 4.604865920000000000e+08
2.645677824000000000e+09 4.783744000000000000e+08 8.759479680000000000e+08 1.590989440000000000e+09 2.152883200000000000e+09 9.154501120000000000e+08
1.748662600000000000e+07 3.079527680000000000e+08 6.745605760000000000e+08 -1.037761440000000000e+08 1.535934880000000000e+08 -6.445642880000000000e+08
1.855162800000000000e+07 2.336910848000000000e+09 1.644537472000000000e+09 2.944213760000000000e+08 2.469916320000000000e+08 2.772408576000000000e+09
1.831263520000000000e+08 6.626155520000000000e+08 1.542581760000000000e+08 -4.926283200000000000e+08 -2.376894560000000000e+08 4.521361920000000000e+08
3.619429632000000000e+09 2.652829600000000000e+08 1.152874480000000000e+08 1.385761920000000000e+09 9.135100160000000000e+08 2.473172640000000000e+08
8.851484800000000000e+08 6.293354000000000000e+07 1.051917888000000000e+09 3.337722560000000000e+08 -1.364627072000000000e+09 -3.638596480000000000e+08
7.593376640000000000e+08 2.361741920000000000e+08 4.488075500000000000e+06 -5.988892800000000000e+08 -8.255716800000000000e+07 4.604257200000000000e+07
1.393009120000000000e+08 1.488219300000000000e+07 3.845817088000000000e+09 6.437401600000000000e+07 -1.035109376000000000e+09 -3.382452480000000000e+08
3.137051520000000000e+08 1.678794400000000000e+08 5.184153280000000000e+08 3.245445440000000000e+08 -5.703134720000000000e+08 -4.172056640000000000e+08
3.580977920000000000e+09 4.123382720000000000e+08 6.683865500000000000e+06 -1.718455168000000000e+09 -2.187911040000000000e+08 7.424234400000000000e+07
1.026809856000000000e+09 2.487194250000000000e+06 4.707029760000000000e+08 7.142742400000000000e+07 -9.831809920000000000e+08 -4.836086000000000000e+07
6.272437500000000000e+05 1.059720128000000000e+09 9.396527360000000000e+08 -3.640415600000000000e+07 3.427616400000000000e+07 -1.411216000000000000e+09
3.898891264000000000e+09 2.114832200000000000e+07 7.996032000000000000e+07 -4.060666240000000000e+08 7.896033280000000000e+08 -5.814495200000000000e+07
9.248170240000000000e+08 1.041196672000000000e+09 3.398615200000000000e+07 -1.387738880000000000e+09 2.507202400000000000e+08 -2.660305760000000000e+08
1.874050937500000000e+05 2.523267040000000000e+08 3.747485696000000000e+09 9.709821000000000000e+06 3.743055600000000000e+07 1.375181440000000000e+09
2.948187000000000000e+07 5.628836480000000000e+08 1.407634560000000000e+09 -1.821788160000000000e+08 -2.880893440000000000e+08 1.258832128000000000e+09
8.943113600000000000e+08 1.020866100000000000e+07 9.547995200000000000e+07 1.351147680000000000e+08 -4.132524800000000000e+08 -4.414840000000000000e+07
8.719651200000000000e+07 1.495319424000000000e+09 2.417483776000000000e+09 5.106546240000000000e+08 -6.492868480000000000e+08 -2.688826112000000000e+09
3.985035840000000000e+08 2.852845750000000000e+06 9.864354400000000000e+07 -4.767572800000000000e+07 2.803919040000000000e+08 -2.372007400000000000e+07
3.250364416000000000e+09 6.906680960000000000e+08 5.896714800000000000e+07 2.118911744000000000e+09 -6.191360640000000000e+08 -2.853989440000000000e+08
2.332049920000000000e+08 4.460146880000000000e+08 1.320780416000000000e+09 4.560983360000000000e+08 -7.848693760000000000e+08 -1.085432960000000000e+09
7.295912500000000000e+05 3.149525120000000000e+08 1.184317824000000000e+09 2.143024600000000000e+07 4.155299600000000000e+07 8.637134720000000000e+08
2.636167040000000000e+08 2.651190016000000000e+09 1.085193216000000000e+09 1.182273920000000000e+09 -7.563929600000000000e+08 -2.398768384000000000e+09
2.076187200000000000e+07 1.737533760000000000e+08 3.054847360000000000e+08 8.493915200000000000e+07 1.126265120000000000e+08 3.258181120000000000e+08
3.380318720000000000e+09 1.303650880000000000e+08 4.893163840000000000e+08 -9.387745280000000000e+08 -1.818815744000000000e+09 3.571723840000000000e+08
5.037542400000000000e+07 3.182844800000000000e+07 1.779613400000000000e+07 5.662784000000000000e+07 4.234353200000000000e+07 3.365768800000000000e+07
7.920001920000000000e+08 8.998967040000000000e+08 3.081031680000000000e+08 1.193914240000000000e+09 6.985899520000000000e+08 7.446608000000000000e+08
6.105187000000000000e+06 3.990725376000000000e+09 3.169791000000000000e+06 -2.206069920000000000e+08 -6.217695500000000000e+06 1.590580960000000000e+08
2.171770600000000000e+07 2.051935156250000000e+04 9.782618240000000000e+08 8.992199375000000000e+05 -2.061339680000000000e+08 -6.035196000000000000e+06
1.289931136000000000e+09 1.859211392000000000e+09 8.508574720000000000e+08 -2.190083328000000000e+09 -1.481584384000000000e+09 1.778717056000000000e+09
0.000000000000000000e+00 0.000000000000000000e+00 0.000000000000000000e+00 0.000000000000000000e+00 0.000000000000000000e+00 -0.000000000000000000e+00
0.000000000000000000e+00 0.000000000000000000e+00 0.000000000000000000e+00 0.000000000000000000e+00 0.000000000000000000e+00 -0.000000000000000000e+00
2.047952640000000000e+09 1.719414784000000000e+09 2.326325120000000000e+08 3.884767600000000000e+07 -5.469860000000000000e+06 8.942348160000000000e+08
2.354545760000000000e+08 2.356852640000000000e+08 2.886016000000000000e+07 1.277848700000000000e+07 -9.484784800000000000e+07 6.412544000000000000e+07
1.973245952000000000e+09 1.971137280000000000e+09 5.561701200000000000e+07 -4.779719600000000000e+07 -4.536409920000000000e+08 1.247456560000000000e+08
1.459264320000000000e+08 9.891788800000000000e+08 8.648947200000000000e+08 -3.521727200000000000e+07 5.018458880000000000e+08 -2.346867600000000000e+07
1.352732800000000000e+08 6.934805120000000000e+08 6.712462080000000000e+08 -2.384697760000000000e+08 -3.243184640000000000e+08 -1.182421200000000000e+08
1.333399296000000000e+09 7.160016000000000000e+08 1.950598912000000000e+09 -1.262798464000000000e+09 -2.716171840000000000e+08 -4.918592960000000000e+08
6.495645200000000000e+07 6.943515520000000000e+08 7.406920320000000000e+08 2.525226880000000000e+08 1.503835520000000000e+08 -6.682878400000000000e+07
1.955931648000000000e+09 1.451333376000000000e+09 5.927351680000000000e+08 1.405498880000000000e+08 1.158859680000000000e+08 -1.299713408000000000e+09
5.015856000000000000e+07 3.372341500000000000e+06 4.646910000000000000e+07 -7.876424375000000000e+05 2.168339500000000000e+06 1.765441400000000000e+07
6.915875200000000000e+08 2.485256160000000000e+08 5.598868480000000000e+08 -1.948091040000000000e+08 -1.221347680000000000e+08 -4.684207680000000000e+08
9.716550400000000000e+08 1.986602496000000000e+09 1.041742208000000000e+09 -2.342165760000000000e+08 -1.400236800000000000e+09 -1.198275360000000000e+08
3.876423680000000000e+08 4.938771840000000000e+08 1.184805520000000000e+08 -4.721482500000000000e+06 -2.999845120000000000e+08 -4.616615200000000000e+07
1.973611776000000000e+09 1.279136512000000000e+09 7.472518400000000000e+08 3.426370240000000000e+08 -4.453672960000000000e+08 1.265045248000000000e+09
1.767850720000000000e+08 6.875500160000000000e+08 6.356649600000000000e+08 2.553233440000000000e+08 -3.802998080000000000e+08 8.916976000000000000e+07
5.519351680000000000e+08 4.392823680000000000e+08 5.087825920000000000e+08 3.258885440000000000e+08 3.017998720000000000e+08 -4.148126400000000000e+08
2.031920000000000000e+09 6.538703360000000000e+08 1.314210048000000000e+09 1.175418240000000000e+08 -1.454688320000000000e+08 1.299015680000000000e+09
3.513990720000000000e+08 7.936530560000000000e+08 8.549479680000000000e+08 -5.579052160000000000e+08 3.993450240000000000e+08 2.154427680000000000e+08
6.693274880000000000e+08 1.426127360000000000e+09 1.904545152000000000e+09 1.192773760000000000e+09 5.385200640000000000e+08 -4.289126400000000000e+08
4.896870400000000000e+08 3.318446720000000000e+08 1.784683200000000000e+08 -1.162597600000000000e+07 4.910929500000000000e+06 -3.441491840000000000e+08
4.575956500000000000e+06 9.896188800000000000e+08 1.005805248000000000e+09 5.598603000000000000e+06 -9.588700000000000000e+07 -3.487688800000000000e+07
1.506210560000000000e+09 1.961592448000000000e+09 5.321974080000000000e+08 -3.340398800000000000e+07 1.254115584000000000e+09 1.792783360000000000e+08
0.000000000000000000e+00 0.000000000000000000e+00 0.000000000000000000e+00 0.000000000000000000e+00 0.000000000000000000e+00 -0.000000000000000000e+00
1.771285504000000000e+09 1.349490944000000000e+09 8.792234880000000000e+08 -5.329418240000000000e+08 -6.123463680000000000e+08 -1.270906240000000000e+09
2.577139680000000000e+08 3.966398080000000000e+08 3.456462720000000000e+08 2.306986080000000000e+08 -2.801575680000000000e+08 1.595058240000000000e+08
6.885251840000000000e+08 8.654572160000000000e+08 4.460176960000000000e+08 -2.562127040000000000e+08 -5.880646400000000000e+08 -4.098448000000000000e+08
1.719784704000000000e+09 6.734629760000000000e+08 1.606752128000000000e+09 -7.622320640000000000e+08 -4.464355200000000000e+08 -1.110244608000000000e+09
9.618862720000000000e+08 9.621417600000000000e+08 7.597203200000000000e+07 -1.561346800000000000e+07 -2.736082240000000000e+08 -2.638819520000000000e+08
9.782987520000000000e+08 1.022965440000000000e+09 1.998736256000000000e+09 -1.389150464000000000e+09 2.431396480000000000e+08 1.359496800000000000e+08
9.784622720000000000e+08 8.564205440000000000e+08 1.651172160000000000e+08 1.228270000000000000e+08 -2.739833280000000000e+08 4.395349760000000000e+08
1.807371392000000000e+09 1.715149440000000000e+09 4.774793280000000000e+08 -3.772205760000000000e+08 8.565952000000000000e+08 8.327331840000000000e+08
2.690848320000000000e+08 8.732969600000000000e+08 8.576183040000000000e+08 4.175738240000000000e+08 -4.827063680000000000e+08 1.533492960000000000e+08
8.230678400000000000e+08 9.551511040000000000e+08 2.217810240000000000e+08 1.691182560000000000e+08 5.085123840000000000e+08 -2.744550400000000000e+08
1.576052480000000000e+09 1.299737984000000000e+09 1.124209792000000000e+09 -7.953573760000000000e+08 9.316391040000000000e+08 1.033517504000000000e+09
5.911568000000000000e+07 5.041056320000000000e+08 4.367786560000000000e+08 -7.680073600000000000e+07 -2.142298240000000000e+08 -1.332647500000000000e+07
6.954834560000000000e+08 1.362616576000000000e+09 1.941900160000000000e+09 -1.248841344000000000e+09 -4.343827840000000000e+08 -3.822567360000000000e+08
7.669323520000000000e+08 4.359411200000000000e+08 2.971265280000000000e+08 4.661221200000000000e+07 -4.743714000000000000e+07 5.048564160000000000e+08
9.326174080000000000e+08 3.154733120000000000e+08 7.519094400000000000e+08 2.346923840000000000e+08 1.429874080000000000e+08 -6.255081600000000000e+08
1.614948736000000000e+09 1.457982464000000000e+09 9.270689280000000000e+08 5.732323840000000000e+08 8.874966400000000000e+08 -1.138567424000000000e+09
7.134404480000000000e+08 6.104520000000000000e+07 7.255143680000000000e+08 1.739551040000000000e+08 2.179866600000000000e+07 -2.366149600000000000e+08
1.238984576000000000e+09 1.229522560000000000e+09 1.531493248000000000e+09 -1.026140096000000000e+09 -8.375290240000000000e+08 -9.268834560000000000e+08
2.264551400000000000e+07 4.475282000000000000e+07 3.260166600000000000e+07 -1.522258500000000000e+07 3.264818400000000000e+07 1.129148500000000000e+07
4.591633920000000000e+08 2.952230080000000000e+08 7.456136320000000000e+08 -4.881810880000000000e+08 -1.236481520000000000e+08 -1.352039360000000000e+08
1.823964800000000000e+09 8.752379520000000000e+08 1.300797056000000000e+09 5.313871040000000000e+08 4.076468480000000000e+08 -1.331277312000000000e+09
4.778353600000000000e+08 9.037013120000000000e+08 6.184632960000000000e+08 3.637345280000000000e+08 5.930414080000000000e+08 -2.999200960000000000e+08
1.973666432000000000e+09 1.578000160000000000e+08 1.868533760000000000e+09 -3.292318080000000000e+08 1.647292640000000000e+08 6.772025600000000000e+08
2.934360960000000000e+08 4.653673920000000000e+08 2.411965760000000000e+08 1.455019040000000000e+08 3.117060480000000000e+08 -1.455486240000000000e+08
1.301957520000000000e+08 1.429040480000000000e+08 2.269002560000000000e+08 1.543188480000000000e+08 7.538908800000000000e+07 -8.207776800000000000e+07
8.837354240000000000e+08 1.670931456000000000e+09 1.445333376000000000e+09 7.991885440000000000e+08 1.123100800000000000e+09 -6.661569920000000000e+08
1.156097760000000000e+08 1.391605440000000000e+08 2.452296640000000000e+08 -1.677206880000000000e+08 -4.141257200000000000e+07 -4.875126400000000000e+07
1.835543040000000000e+09 1.896315520000000000e+08 1.974825600000000000e+09 -6.840290560000000000e+08 -6.645816400000000000e+07 -4.778954240000000000e+08
5.421996160000000000e+08 3.849795200000000000e+08 5.728208000000000000e+08 3.928445120000000000e+08 -2.957016000000000000e+08 3.372498240000000000e+08
0.000000000000000000e+00 0.000000000000000000e+00 0.000000000000000000e+00 0.000000000000000000e+00 0.000000000000000000e+00 -0.000000000000000000e+00
5.531707600000000000e+07 1.947114752000000000e+09 1.997568640000000000e+09 -2.073687360000000000e+08 4.218240320000000000e+08 -1.668711800000000000e+07
0.000000000000000000e+00 0.000000000000000000e+00 0.000000000000000000e+00 0.000000000000000000e+00 0.000000000000000000e+00 -0.000000000000000000e+00
1.283106048000000000e+09 1.876741504000000000e+09 8.401523840000000000e+08 3.451396160000000000e+08 1.301938304000000000e+09 -5.632667520000000000e+08
2.023858240000000000e+08 7.969117440000000000e+08 1.000702592000000000e+09 -5.487177600000000000e+08 -1.168617920000000000e+08 -9.628606400000000000e+07
6.570222080000000000e+08 9.675551360000000000e+08 3.754226560000000000e+08 7.229046400000000000e+07 -6.842272000000000000e+08 1.388403840000000000e+08
1.004045824000000000e+09 1.832845184000000000e+09 1.163109120000000000e+09 4.761561920000000000e+08 -1.367562112000000000e+09 4.342894720000000000e+08
9.422178560000000000e+08 9.650199200000000000e+07 9.612802560000000000e+08 -2.615976000000000000e+08 -4.110030000000000000e+07 -3.319387840000000000e+08
4.519185280000000000e+08 1.867400832000000000e+09 1.680680576000000000e+09 -5.373583360000000000e+08 1.076057472000000000e+09 2.074921440000000000e+08
9.109824000000000000e+08 2.467758240000000000e+08 8.422417920000000000e+08 4.048737600000000000e+08 -1.398773120000000000e+08 4.666965760000000000e+08
7.714001280000000000e+08 1.984970240000000000e+09 1.243629696000000000e+09 9.616383200000000000e+07 1.383639680000000000e+09 1.800218400000000000e+07
7.616030720000000000e+08 7.275649920000000000e+08 1.083198900000000000e+07 2.011958400000000000e+07 2.580315800000000000e+07 1.234469600000000000e+08
2.621830080000000000e+08 9.711635200000000000e+08 7.666535680000000000e+08 -1.548152640000000000e+08 -6.007310080000000000e+08 -1.301960800000000000e+08
4.598374400000000000e+08 1.795541376000000000e+09 1.744621568000000000e+09 8.409071360000000000e+08 -8.695841280000000000e+08 2.517668960000000000e+08
4.756308160000000000e+08 3.743392400000000000e+07 4.869352960000000000e+08 -1.113293520000000000e+08 -3.785904800000000000e+07 -1.476607200000000000e+08
1.721761280000000000e+09 8.692920960000000000e+08 1.408946944000000000e+09 8.850949760000000000e+08 -5.595829760000000000e+08 1.097279744000000000e+09
2.022556640000000000e+08 2.445643360000000000e+08 5.318003200000000000e+07 1.096454200000000000e+07 1.399453760000000000e+08 -4.287988800000000000e+07
3.229348000000000000e+07 2.439057280000000000e+08 2.238008000000000000e+08 -4.039370800000000000e+07 1.131822080000000000e+08 5.408453500000000000e+06
1.320601728000000000e+09 1.752532608000000000e+09 9.268659200000000000e+08 -6.557296000000000000e+08 -1.135840640000000000e+09 -7.818286720000000000e+08
2.460398560000000000e+08 3.044709750000000000e+06 2.509154400000000000e+08 -5.718708500000000000e+06 -8.465829000000000000e+06 -3.850940800000000000e+07
3.982992000000000000e+08 1.979296512000000000e+09 1.622404480000000000e+09 2.597159800000000000e+07 -1.136824192000000000e+09 -6.567968400000000000e+07
4.443663600000000000e+07 2.924653000000000000e+07 2.631683400000000000e+07 1.408998400000000000e+07 1.373709900000000000e+07 -3.307334400000000000e+07
9.127370240000000000e+08 5.016097280000000000e+08 5.856534400000000000e+08 -2.550353120000000000e+08 -2.177824960000000000e+08 -6.791829760000000000e+08
1.778025856000000000e+09 1.783149696000000000e+09 4.388246080000000000e+08 2.705410560000000000e+08 -9.390906240000000000e+08 7.191392000000000000e+08
7.493843200000000000e+08 6.204382000000000000e+07 6.885718400000000000e+08 6.765986400000000000e+07 -4.907717200000000000e+07 2.815548800000000000e+08
7.078103040000000000e+08 1.300494848000000000e+09 1.991695104000000000e+09 1.319281408000000000e+09 -2.993135040000000000e+08 1.287900960000000000e+08
8.021649280000000000e+08 4.337562880000000000e+08 7.640787200000000000e+08 -4.811867840000000000e+08 3.406384960000000000e+08 4.883111360000000000e+08
6.227437440000000000e+08 4.996411200000000000e+08 8.776152960000000000e+08 5.795274240000000000e+08 3.179385280000000000e+08 -3.960507200000000000e+08
1.144606720000000000e+09 1.772628352000000000e+09 1.082765184000000000e+09 -5.594725120000000000e+08 1.327187968000000000e+09 5.537665920000000000e+08
0.000000000000000000e+00 0.000000000000000000e+00 0.000000000000000000e+00 0.000000000000000000e+00 0.000000000000000000e+00 -0.000000000000000000e+00
1.728929280000000000e+09 4.156579520000000000e+08 1.855413120000000000e+09 8.195394560000000000e+08 3.222046400000000000e+08 -7.910911360000000000e+08
9.059388160000000000e+08 8.487979200000000000e+07 1.009181376000000000e+09 3.765237120000000000e+08 6.167704800000000000e+07 -9.747609600000000000e+07
7.271504640000000000e+08 6.796120960000000000e+08 5.932376960000000000e+08 4.447877440000000000e+08 -4.865470400000000000e+08 4.736428160000000000e+08
1.385250304000000000e+09 7.453849600000000000e+08 1.869364736000000000e+09 1.280101632000000000e+09 -3.057181440000000000e+08 5.519464320000000000e+08
1.597186240000000000e+08 6.355187840000000000e+08 7.047626240000000000e+08 -4.033062400000000000e+08 1.699587520000000000e+08 9.050248000000000000e+07
1.649759872000000000e+09 3.703737600000000000e+08 1.979866368000000000e+09 -1.062582016000000000e+09 5.779498400000000000e+07 3.076271040000000000e+08
4.324720640000000000e+08 1.003632320000000000e+08 4.671647360000000000e+08 2.409512480000000000e+08 -4.627853600000000000e+07 1.575316480000000000e+08
1.798106112000000000e+09 1.827879808000000000e+09 3.740141440000000000e+08 -1.887156320000000000e+08 -8.063747200000000000e+08 -7.782928640000000000e+08
2.219840000000000000e+08 1.290581840000000000e+08 1.489578400000000000e+08 -9.410751200000000000e+07 7.888975200000000000e+07 1.479514560000000000e+08
9.864544000000000000e+08 7.178937600000000000e+07 9.417562240000000000e+08 -1.800176800000000000e+08 4.866380500000000000e+06 3.222913600000000000e+08
1.450327424000000000e+09 8.645767680000000000e+08 1.685096320000000000e+09 -1.186436608000000000e+09 5.163769600000000000e+08 8.006517120000000000e+08
6.666288640000000000e+08 3.289868160000000000e+08 1.004384512000000000e+09 -6.595627520000000000e+08 4.241606000000000000e+06 7.069092800000000000e+07
1.055233472000000000e+09 1.331322240000000000e+09 1.613444608000000000e+09 1.119564672000000000e+09 -9.124355840000000000e+08 6.562831360000000000e+08
2.212305920000000000e+08 2.817984000000000000e+08 4.969710720000000000e+08 -3.489330560000000000e+08 2.773795800000000000e+07 5.005990400000000000e+07
5.125595520000000000e+08 6.445529600000000000e+08 3.428876160000000000e+08 -1.989712320000000000e+08 -4.399983360000000000e+08 -3.112738560000000000e+08
1.926350080000000000e+09 2.585457600000000000e+08 1.815104384000000000e+09 5.251356480000000000e+08 -2.455933120000000000e+08 7.729509120000000000e+08
5.889692800000000000e+08 5.780942720000000000e+08 3.329364480000000000e+08 -2.448251840000000000e+08 3.917967680000000000e+08 3.470569280000000000e+08
1.504112768000000000e+09 1.484180864000000000e+09 1.011706560000000000e+09 7.360861440000000000e+08 -1.054457920000000000e+09 9.291977600000000000e+08
3.931323200000000000e+08 3.507806080000000000e+08 7.560871040000000000e+08 5.214477120000000000e+08 2.449505000000000000e+07 -6.357355200000000000e+07
9.901713280000000000e+08 9.750869760000000000e+08 3.474171200000000000e+07 -5.398868400000000000e+07 2.185914720000000000e+08 1.353318720000000000e+08
1.730382848000000000e+09 2.496766080000000000e+08 2.019940864000000000e+09 9.291915520000000000e+08 -7.543215200000000000e+07 -5.746960000000000000e+05
1.055862100000000000e+07 4.139106400000000000e+07 4.805031600000000000e+07 2.781453800000000000e+07 -8.158986500000000000e+06 5.465932000000000000e+06
1.202273664000000000e+09 8.009800960000000000e+08 1.996746240000000000e+09 1.345046016000000000e+09 1.644779360000000000e+08 -3.091628800000000000e+08
6.106863360000000000e+08 2.231706080000000000e+08 6.661431040000000000e+08 -3.838758720000000000e+08 1.794810560000000000e+08 2.824064960000000000e+08
1.872741600000000000e+08 8.044514560000000000e+08 1.008274560000000000e+09 5.147521600000000000e+08 1.757949920000000000e+08 -8.214551200000000000e+07
1.804495872000000000e+09 1.867059968000000000e+09 3.284445760000000000e+08 1.528394880000000000e+08 8.111845120000000000e+08 -6.887941120000000000e+08
1.971656160000000000e+08 1.068526640000000000e+08 1.959817760000000000e+08 1.329045600000000000e+08 -6.956487200000000000e+07 1.178443360000000000e+08
9.022117760000000000e+08 1.488403200000000000e+09 1.609385088000000000e+09 -1.131746560000000000e+09 8.838043520000000000e+08 5.695611520000000000e+08
5.812296960000000000e+08 7.286624000000000000e+08 1.901080160000000000e+08 1.178037600000000000e+08 4.269021760000000000e+08 -1.574043520000000000e+08
4.758991040000000000e+08 1.179840160000000000e+08 4.061169600000000000e+08 -1.607986080000000000e+08 5.834929600000000000e+07 2.564589600000000000e+08
1.545839232000000000e+09 1.979989888000000000e+09 4.741708480000000000e+08 -6.814108000000000000e+07 -1.210709120000000000e+09 2.309961600000000000e+07
5.654113280000000000e+08 7.166104320000000000e+08 2.179784320000000000e+08 1.122476320000000000e+08 -4.613362880000000000e+08 1.401840800000000000e+08
1.950547456000000000e+09 2.718499200000000000e+08 1.777602688000000000e+09 5.204196000000000000e+07 -1.386041300000000000e+07 -9.820901120000000000e+08
4.795432800000000000e+07 4.683698800000000000e+07 5.208690500000000000e+06 2.402966750000000000e+06 -1.693606600000000000e+07 1.380492400000000000e+07
3.187500160000000000e+08 3.260419200000000000e+08 3.552080640000000000e+08 -2.457788640000000000e+08 -2.166692320000000000e+08 -2.427605120000000000e+08
6.630953600000000000e+08 1.804701568000000000e+09 1.532203136000000000e+09 -8.018113920000000000e+08 -1.037254464000000000e+09 -4.926682240000000000e+08
5.044967040000000000e+08 3.368176960000000000e+08 1.586857120000000000e+08 5.308473600000000000e+07 -7.899259200000000000e+07 3.133068800000000000e+08
1.938369664000000000e+09 8.523652480000000000e+08 1.209265280000000000e+09 -1.326934560000000000e+08 -1.330086320000000000e+08 -1.422809344000000000e+09
3.978558080000000000e+08 1.679788160000000000e+08 4.341653440000000000e+08 2.378762240000000000e+08 1.199998320000000000e+08 -2.331788640000000000e+08
1.851339040000000000e+08 1.849214848000000000e+09 1.965651328000000000e+09 -6.740631680000000000e+08 -4.446002880000000000e+08 -1.900650880000000000e+08
5.689477760000000000e+08 9.548506880000000000e+08 4.762016320000000000e+08 -1.880414720000000000e+08 6.920970880000000000e+08 1.577512320000000000e+08
1.183282080000000000e+08 3.733407680000000000e+08 5.083310720000000000e+08 2.934463680000000000e+08 4.785623600000000000e+07 -1.329729900000000000e+07
1.956162944000000000e+09 1.967010560000000000e+09 7.682691200000000000e+07 -9.749683200000000000e+07 5.204469120000000000e+08 1.543854560000000000e+08
3.522981440000000000e+08 4.060898880000000000e+08 2.416119200000000000e+08 -1.646822080000000000e+08 2.938620800000000000e+08 1.987175040000000000e+08
2.061242240000000000e+08 1.775840000000000000e+09 2.018035840000000000e+09 8.477790080000000000e+08 8.810560000000000000e+07 -1.037062320000000000e+08
2.398713120000000000e+08 7.405307520000000000e+08 5.195980800000000000e+08 -4.992347200000000000e+07 4.974066880000000000e+08 2.308079250000000000e+06
1.023886784000000000e+09 4.589899840000000000e+08 5.171235200000000000e+08 3.010848800000000000e+07 -5.344136000000000000e+06 6.885385600000000000e+08
5.188461200000000000e+07 1.948890624000000000e+09 1.999224960000000000e+09 2.059148640000000000e+08 -4.064624000000000000e+08 -2.076600400000000000e+07
5.370683520000000000e+08 4.853688000000000000e+08 9.775628800000000000e+08 6.981317760000000000e+08 -9.775712800000000000e+07 1.576506080000000000e+08
1.993847168000000000e+09 1.879358976000000000e+09 1.267938000000000000e+08 6.846734400000000000e+07 -3.769452800000000000e+07 -6.900782720000000000e+08
9.675029760000000000e+08 7.335717760000000000e+08 2.989252800000000000e+08 1.132058080000000000e+08 1.264074160000000000e+08 -6.396188800000000000e+08
5.406000800000000000e+07 4.893714880000000000e+08 4.565685440000000000e+08 -7.214810400000000000e+07 2.103964160000000000e+08 5.422446500000000000e+06
2.008469376000000000e+09 1.221075584000000000e+09 7.704553600000000000e+08 -2.714258880000000000e+08 3.260163520000000000e+08 1.306627840000000000e+09
5.166261600000000000e+07 2.457768960000000000e+08 2.025604960000000000e+08 2.742212800000000000e+07 -1.421856160000000000e+08 4.000293000000000000e+06
3.765271040000000000e+08 1.635167488000000000e+09 1.988305536000000000e+09 -1.055234560000000000e+09 3.422100160000000000e+08 7.923959200000000000e+07
9.070183040000000000e+08 7.567932800000000000e+08 3.361885120000000000e+08 -2.303663360000000000e+08 4.051440960000000000e+08 5.251680000000000000e+08
7.389516800000000000e+08 6.012631680000000000e+08 1.597852160000000000e+08 -3.212345400000000000e+07 -9.372690000000000000e+06 -4.377202880000000000e+08
1.902244096000000000e+09 6.747584640000000000e+08 1.422997504000000000e+09 -6.311918080000000000e+08 3.394224000000000000e+08 1.180443392000000000e+09
2.345706400000000000e+08 1.655820000000000000e+08 9.984739200000000000e+07 -3.693120800000000000e+07 -5.863451200000000000e+07 -1.669688160000000000e+08
3.054303680000000000e+08 1.918001024000000000e+09 1.776568576000000000e+09 4.401269760000000000e+08 9.081018240000000000e+08 -2.433886240000000000e+08
2.414669000000000000e+07 3.403512400000000000e+07 4.181818800000000000e+07 -2.746809800000000000e+07 -2.072140200000000000e+07 -1.815338600000000000e+07
5.878161280000000000e+08 5.472620800000000000e+08 8.649217920000000000e+08 -5.792448640000000000e+08 -3.429251840000000000e+08 -3.939758080000000000e+08
1.973477888000000000e+09 4.719776000000000000e+06 2.021802624000000000e+09 1.108784320000000000e+08 -6.543958000000000000e+07 -8.313770400000000000e+07
4.943198720000000000e+08 4.947130240000000000e+08 1.096711600000000000e+07 -1.778462600000000000e+07 1.040832240000000000e+08 3.870554062500000000e+05
1.318553216000000000e+09 1.074958848000000000e+09 1.606488064000000000e+09 1.065049536000000000e+09 7.215220480000000000e+08 -9.359288320000000000e+08
0.000000000000000000e+00 0.000000000000000000e+00 0.000000000000000000e+00 -0.000000000000000000e+00 -0.000000000000000000e+00 -0.000000000000000000e+00
3.268883600000000000e+07 3.386226800000000000e+07 3.344889200000000000e+07 3.650433437500000000e+05 1.598790125000000000e+06 -2.210855000000000000e+05
6.499631360000000000e+08 6.685351040000000000e+08 6.815017600000000000e+08 2.558118800000000000e+07 1.438349700000000000e+07 -3.853107000000000000e+06
5.104039360000000000e+08 4.780659840000000000e+08 5.115299840000000000e+08 4.326214500000000000e+06 3.284451250000000000e+06 4.872039000000000000e+06
3.235643200000000000e+07 3.384582000000000000e+07 3.379774800000000000e+07 1.209772625000000000e+06 7.210440625000000000e+05 -1.750811718750000000e+05
6.805289600000000000e+08 6.609232000000000000e+08 6.585478400000000000e+08 -1.158266200000000000e+07 -1.588691800000000000e+07 -2.647809600000000000e+07
4.907920320000000000e+08 4.974836480000000000e+08 5.117241600000000000e+08 2.180379400000000000e+07 -3.965839250000000000e+06 7.471016000000000000e+06
5.020308800000000000e+08 4.971088320000000000e+08 5.008603200000000000e+08 1.946742600000000000e+07 1.076242900000000000e+07 -1.635505300000000000e+07
6.532680960000000000e+08 6.727196800000000000e+08 6.740120960000000000e+08 2.123737400000000000e+07 1.938620800000000000e+07 -1.678508800000000000e+07
3.360608960000000000e+08 3.243352320000000000e+08 3.396039040000000000e+08 1.440773200000000000e+07 2.886394000000000000e+06 -1.017998562500000000e+06
0.000000000000000000e+00 0.000000000000000000e+00 0.000000000000000000e+00 -0.000000000000000000e+00 -0.000000000000000000e+00 -0.000000000000000000e+00
6.824382080000000000e+08 6.743023360000000000e+08 6.432596480000000000e+08 -3.211863750000000000e+06 5.063185000000000000e+06 -2.208667000000000000e+07
3.344762560000000000e+08 3.390297600000000000e+08 3.264939200000000000e+08 4.304331500000000000e+06 1.157049600000000000e+07 -1.057071400000000000e+07
4.887160000000000000e+08 4.974684160000000000e+08 5.138155840000000000e+08 -2.118250200000000000e+07 1.282423203125000000e+05 1.483269125000000000e+06
6.771274240000000000e+08 6.513564800000000000e+08 6.715160960000000000e+08 -1.422524900000000000e+07 -1.435601200000000000e+07 -2.455411800000000000e+07
3.347764160000000000e+08 3.323580800000000000e+08 3.328655040000000000e+08 -8.463674000000000000e+06 1.223681000000000000e+07 1.095677800000000000e+07
5.029421760000000000e+08 5.086096000000000000e+08 4.884482240000000000e+08 -3.642033000000000000e+06 1.883330400000000000e+07 1.383253200000000000e+07
6.714862080000000000e+08 6.595892480000000000e+08 6.689245440000000000e+08 -1.803678600000000000e+07 2.084899400000000000e+07 2.324402800000000000e+07
5.037757120000000000e+08 4.829176000000000000e+08 5.133066240000000000e+08 -1.607237200000000000e+07 3.578488750000000000e+06 4.611302500000000000e+06
5.010065920000000000e+08 5.111250240000000000e+08 4.878683520000000000e+08 -3.339492250000000000e+06 -2.211536800000000000e+07 1.822774750000000000e+06
6.397941760000000000e+08 6.792151680000000000e+08 6.809904000000000000e+08 1.428879300000000000e+07 -6.564477000000000000e+06 6.832004000000000000e+06
3.374111680000000000e+08 3.389284480000000000e+08 3.236603840000000000e+08 6.426340625000000000e+05 -1.363702400000000000e+07 4.098170000000000000e+06
5.131307840000000000e+08 5.020502080000000000e+08 4.848191040000000000e+08 -4.062242250000000000e+06 -2.596835750000000000e+06 -1.857948600000000000e+07
6.510529280000000000e+08 6.755809280000000000e+08 6.733661440000000000e+08 1.214209900000000000e+07 2.739797000000000000e+07 -1.060619100000000000e+07
3.310403200000000000e+07 3.365501200000000000e+07 3.324095600000000000e+07 8.900192500000000000e+05 1.117359250000000000e+06 -1.114252000000000000e+06
6.747982720000000000e+08 6.446230400000000000e+08 6.805786880000000000e+08 2.443269600000000000e+07 5.896344500000000000e+06 -1.179163500000000000e+06
3.311147520000000000e+08 3.377289920000000000e+08 3.311562880000000000e+08 5.427291500000000000e+06 1.622170000000000000e+07 -4.805689000000000000e+06
3.392586560000000000e+08 3.270655360000000000e+08 3.336758720000000000e+08 -2.956121250000000000e+06 4.950490000000000000e+06 1.539216100000000000e+07
6.576174720000000000e+08 6.691018240000000000e+08 6.732807680000000000e+08 2.765895400000000000e+07 1.987908800000000000e+07 -9.324653000000000000e+06
1.637650720000000000e+08 1.675606240000000000e+08 1.686743200000000000e+08 -4.780126000000000000e+06 6.227397000000000000e+06 3.360054000000000000e+06
3.423632320000000000e+08 3.318067520000000000e+08 3.258300480000000000e+08 1.084663625000000000e+06 2.811974500000000000e+06 -1.397941200000000000e+07
6.838948480000000000e+08 6.584474240000000000e+08 6.576577280000000000e+08 8.555252000000000000e+06 6.234151500000000000e+06 -2.865516800000000000e+07
4.855940800000000000e+08 5.049554560000000000e+08 5.094504640000000000e+08 -1.482667600000000000e+07 -1.497255200000000000e+07 -3.180747250000000000e+06
1.707616960000000000e+08 1.632808480000000000e+08 1.659574720000000000e+08 -8.202725000000000000e+05 1.980480500000000000e+06 7.268974500000000000e+06
6.439060480000000000e+08 6.771646720000000000e+08 6.789293440000000000e+08 -2.262403200000000000e+07 9.352860000000000000e+06 -8.696159375000000000e+05
3.354056200000000000e+07 3.253206400000000000e+07 3.392737600000000000e+07 1.011244562500000000e+06 4.781275625000000000e+05 -1.075958500000000000e+06
0.000000000000000000e+00 0.000000000000000000e+00 0.000000000000000000e+00 -0.000000000000000000e+00 -0.000000000000000000e+00 -0.000000000000000000e+00
6.666439680000000000e+08 6.545062400000000000e+08 6.788496640000000000e+08 2.366563400000000000e+07 1.477438800000000000e+07 -1.743733200000000000e+07
1.666825120000000000e+08 1.636237440000000000e+08 1.696937760000000000e+08 6.300511500000000000e+06 3.874112000000000000e+06 -3.611184250000000000e+06
4.829293760000000000e+08 5.095296320000000000e+08 5.075410880000000000e+08 4.124735250000000000e+06 -1.704309600000000000e+07 5.380861000000000000e+06
6.589656960000000000e+08 6.570407040000000000e+08 6.839936000000000000e+08 -2.840734600000000000e+07 7.779634000000000000e+06 7.682606500000000000e+06
0.000000000000000000e+00 0.000000000000000000e+00 0.000000000000000000e+00 -0.000000000000000000e+00 -0.000000000000000000e+00 -0.000000000000000000e+00
3.282255680000000000e+08 3.305420160000000000e+08 3.412323520000000000e+08 -1.404147300000000000e+07 -6.223709500000000000e+06 -3.536100250000000000e+06
6.745768320000000000e+08 6.793600000000000000e+08 6.460632960000000000e+08 2.761293000000000000e+06 1.867697800000000000e+07 -1.934067000000000000e+07
5.013077760000000000e+08 4.902383040000000000e+08 5.084539200000000000e+08 2.432600600000000000e+07 3.066380500000000000e+06 -2.427484500000000000e+06
5.017670400000000000e+08 5.050310720000000000e+08 4.932018560000000000e+08 9.051072000000000000e+06 -1.597467300000000000e+07 1.907252800000000000e+07
6.525635840000000000e+08 6.673380480000000000e+08 6.800981760000000000e+08 2.609113200000000000e+07 1.681954200000000000e+07 -5.941936500000000000e+06
5.069589760000000000e+08 5.003928640000000000e+08 4.926481280000000000e+08 7.189725500000000000e+06 1.613263400000000000e+07 -1.899834400000000000e+07
3.340463360000000000e+08 3.247434880000000000e+08 3.412101760000000000e+08 1.367404700000000000e+07 -1.440157812500000000e+05 4.619252500000000000e+06
6.663910400000000000e+08 6.747966720000000000e+08 6.588124800000000000e+08 -1.502189000000000000e+07 -2.981240400000000000e+07 -1.167935500000000000e+07
4.992459520000000000e+08 5.085027520000000000e+08 4.922512320000000000e+08 1.999673125000000000e+06 2.521942000000000000e+07 -1.611472875000000000e+06
3.412846000000000000e+07 3.261776200000000000e+07 3.325377400000000000e+07 -2.222034687500000000e+05 4.405251562500000000e+05 1.432737375000000000e+06
6.774371200000000000e+08 6.624971520000000000e+08 6.600657280000000000e+08 1.503272700000000000e+07 1.970502200000000000e+07 -2.423791200000000000e+07
0.000000000000000000e+00 0.000000000000000000e+00 0.000000000000000000e+00 -0.000000000000000000e+00 -0.000000000000000000e+00 -0.000000000000000000e+00
1.677326560000000000e+08 1.657626560000000000e+08 1.665046880000000000e+08 6.230848000000000000e+06 4.587874500000000000e+06 -4.931255000000000000e+06
6.702133120000000000e+08 6.843640960000000000e+08 6.454227200000000000e+08 1.741929250000000000e+06 2.418092200000000000e+07 3.724917250000000000e+06
1.659206400000000000e+08 1.642491520000000000e+08 1.698301760000000000e+08 6.851830000000000000e+06 -2.085304875000000000e+06 4.297016000000000000e+06
4.888848640000000000e+08 5.002339520000000000e+08 5.108811520000000000e+08 1.947819800000000000e+07 1.164624900000000000e+07 -4.299650000000000000e+06
6.712289920000000000e+08 6.635473920000000000e+08 6.652236800000000000e+08 1.792088200000000000e+07 2.371445200000000000e+07 -2.150688400000000000e+07
3.211290560000000000e+08 3.411978560000000000e+08 3.376730880000000000e+08 7.130467000000000000e+06 7.391661500000000000e+06 -3.093220500000000000e+06
5.100476480000000000e+08 4.778534080000000000e+08 5.120988800000000000e+08 3.225213750000000000e+06 3.220029750000000000e+06 4.116098000000000000e+06
6.776016640000000000e+08 6.385936000000000000e+08 6.838047360000000000e+08 -6.314620000000000000e+06 -1.250497000000000000e+06 -1.165678500000000000e+07
3.415940800000000000e+07 3.264045200000000000e+07 3.320013600000000000e+07 1.671225312500000000e+05 -1.608745156250000000e+05 -1.487521875000000000e+06
5.090704960000000000e+08 4.930174720000000000e+08 4.979120640000000000e+08 -9.967420000000000000e+06 -1.245610000000000000e+07 -1.963746000000000000e+07
6.627683840000000000e+08 6.650105600000000000e+08 6.722212480000000000e+08 -2.309164400000000000e+07 -2.391135200000000000e+07 -1.499788000000000000e+07
1.703243680000000000e+08 1.621804960000000000e+08 1.674951360000000000e+08 -3.617648437500000000e+04 -1.494777500000000000e+06 -7.052849500000000000e+06
6.793696000000000000e+08 6.492950400000000000e+08 6.713354240000000000e+08 4.426421000000000000e+06 1.965141625000000000e+06 2.950114600000000000e+07
1.693854880000000000e+08 1.712456320000000000e+08 1.593688800000000000e+08 -4.967849375000000000e+05 1.948238125000000000e+06 7.141730625000000000e+05
3.404768320000000000e+08 3.402531200000000000e+08 3.192700480000000000e+08 -2.726490250000000000e+06 -9.003936250000000000e+05 -6.304257000000000000e+06
6.728439680000000000e+08 6.678066560000000000e+08 6.593494400000000000e+08 1.269116400000000000e+07 -1.486007200000000000e+07 3.006355800000000000e+07
3.386394560000000000e+08 3.385604800000000000e+08 3.228000640000000000e+08 1.483347875000000000e+06 -3.873674750000000000e+06 1.269026800000000000e+07
1.686217440000000000e+08 1.667952160000000000e+08 1.645830240000000000e+08 -4.037874250000000000e+06 -5.869813000000000000e+06 -5.218201000000000000e+06
6.379531520000000000e+08 6.848899840000000000e+08 6.771569280000000000e+08 3.814100000000000000e+06 9.603096000000000000e+06 -2.311333000000000000e+06
5.129159680000000000e+08 4.937267840000000000e+08 4.933572480000000000e+08 6.438573500000000000e+06 4.534980000000000000e+06 -2.152203800000000000e+07
1.641395840000000000e+08 1.651313600000000000e+08 1.707290720000000000e+08 -7.086188500000000000e+06 -2.840887250000000000e+06 -1.624233500000000000e+06
6.788548480000000000e+08 6.373335040000000000e+08 6.838117760000000000e+08 7.275515000000000000e+06 4.281192500000000000e+06 -2.122304750000000000e+06
5.086567680000000000e+08 4.803949440000000000e+08 5.109482240000000000e+08 1.089858250000000000e+06 -6.893222500000000000e+05 -1.395331500000000000e+07
3.411582400000000000e+08 3.293089280000000000e+08 3.295328000000000000e+08 2.416342000000000000e+06 5.406777000000000000e+06 -1.475586500000000000e+07
6.819938560000000000e+08 6.446807680000000000e+08 6.733254400000000000e+08 4.629367500000000000e+06 7.517375000000000000e+06 -2.319741400000000000e+07
3.302427520000000000e+08 3.315507200000000000e+08 3.382064640000000000e+08 1.150715200000000000e+07 9.572877000000000000e+06 -9.173072000000000000e+06
3.223964800000000000e+08 3.391431040000000000e+08 3.384603840000000000e+08 -7.869125500000000000e+06 1.015016500000000000e+07 2.690233125000000000e+05
6.841102720000000000e+08 6.567786880000000000e+08 6.591110400000000000e+08 7.837027500000000000e+06 -4.341504500000000000e+06 2.897065800000000000e+07
0.000000000000000000e+00 0.000000000000000000e+00 0.000000000000000000e+00 -0.000000000000000000e+00 -0.000000000000000000e+00 -0.000000000000000000e+00
1.593755360000000000e+08 1.697413920000000000e+08 1.708830880000000000e+08 1.222018250000000000e+06 -1.763360875000000000e+06 1.083403125000000000e+06
6.687697920000000000e+08 6.602374400000000000e+08 6.709927680000000000e+08 2.448397400000000000e+07 1.168456000000000000e+07 -2.404656800000000000e+07
4.798521920000000000e+08 5.083410560000000000e+08 5.118068160000000000e+08 7.076340000000000000e+06 1.048865400000000000e+07 7.247413750000000000e+05
3.214442240000000000e+08 3.370784960000000000e+08 3.414772480000000000e+08 1.083060200000000000e+07 6.237101875000000000e+05 2.298994750000000000e+06
6.519686400000000000e+08 6.642908800000000000e+08 6.837405440000000000e+08 -2.764893400000000000e+07 -9.392045000000000000e+06 -3.583381500000000000e+06
