      51
 0.00000  0.00000  0.00000
-0.58167 -0.58979 -0.58979
-0.26511 -0.66705 -0.72028
-0.31240 -0.65269 -0.71444
-0.43408 -0.61047 -0.68771
-0.42019 -0.41042 -0.62230
-0.36246 -0.15592 -0.54049
-0.30224  0.11493 -0.44486
-0.24570  0.38020 -0.33738
-0.19865  0.61833 -0.22036
-0.16582  0.80985 -0.09645
-0.15033  0.93894  0.03137
-0.15259  0.99260  0.15966
-0.16833  0.96188  0.28369
-0.20758  0.87306  0.40492
-0.25012  0.70372  0.51433
-0.29395  0.47688  0.61030
-0.33073  0.20984  0.68961
-0.35162 -0.07684  0.74944
-0.34806 -0.36101  0.78749
-0.25863 -0.59566  0.78252
-0.08663 -0.71273  0.72010
 0.02257 -0.77552  0.65734
 0.27310 -0.58979  0.58979
 0.00000  0.00000  0.00000
 0.00000  0.00000  0.00000
 0.00000  0.00000  0.00000
 0.00000  0.00000  0.00000
 0.00000  0.00000  0.00000
 0.00000  0.00000  0.00000
 0.00000  0.00000  0.00000
 0.00000  0.00000  0.00000
 0.58167 -0.58979  0.58979
 0.30899 -0.78717  0.56474
 0.32262 -0.84066  0.47248
 0.33739 -0.89856  0.33586
 0.33291 -0.96052  0.02446
 0.25322 -0.84962 -0.49806
 0.20907 -0.66898 -0.73674
 0.18526 -0.48270 -0.87562
 0.17294 -0.28553 -0.96052
 0.16998 -0.07170 -1.00000
 0.17749  0.16524 -0.98754
 0.20942  0.45832 -0.88324
 0.34757  0.90946 -0.29346
 0.38578  0.89297  0.29633
 0.35538  0.84425  0.44156
 0.33547  0.84659  0.45252
 0.32441  0.84625  0.46113
 0.58167  0.58979  0.58979
 0.00000  0.00000  0.00000
