      20
-0.00000 -0.00000 -0.00000
-0.58167 -0.58979 -0.58979
-0.30899 -0.56474 -0.78716
-0.32262 -0.47248 -0.84066
-0.33739 -0.33586 -0.89855
-0.33291 -0.02446 -0.96052
-0.25322  0.49806 -0.84962
-0.20907  0.73674 -0.66898
-0.18526  0.87562 -0.48270
-0.17294  0.96052 -0.28553
-0.16998  1.00000 -0.07170
-0.17749  0.98754  0.16524
-0.20942  0.88324  0.45832
-0.34757  0.29346  0.90946
-0.38578 -0.29633  0.89297
-0.35538 -0.44156  0.84425
-0.33547 -0.45252  0.84659
-0.32441 -0.46113  0.84626
-0.58167 -0.58979  0.58979
-0.00000 -0.00000 -0.00000
