      51
 0.00000  0.00000  0.00000
-0.58167 -0.58979  0.58979
-0.26511 -0.72028  0.66705
-0.31241 -0.71444  0.65269
-0.43408 -0.68770  0.61047
-0.42019 -0.62229  0.41042
-0.36247 -0.54049  0.15592
-0.30223 -0.44486 -0.11493
-0.24569 -0.33738 -0.38020
-0.19865 -0.22036 -0.61832
-0.16582 -0.09645 -0.80984
-0.15033  0.03137 -0.93894
-0.15260  0.15966 -0.99260
-0.16833  0.28369 -0.96188
-0.20758  0.40492 -0.87306
-0.25012  0.51433 -0.70372
-0.29396  0.61030 -0.47688
-0.33074  0.68961 -0.20985
-0.35162  0.74944  0.07683
-0.34806  0.78749  0.36101
-0.25862  0.78252  0.59566
-0.08662  0.72010  0.71273
 0.02257  0.65734  0.77552
 0.27310  0.58979  0.58979
 0.00000  0.00000  0.00000
 0.00000  0.00000  0.00000
 0.00000  0.00000  0.00000
 0.00000  0.00000  0.00000
 0.00000  0.00000  0.00000
 0.00000  0.00000  0.00000
 0.00000  0.00000  0.00000
 0.00000  0.00000  0.00000
 0.58167  0.58979  0.58979
 0.30899  0.56474  0.78716
 0.32262  0.47248  0.84066
 0.33739  0.33586  0.89855
 0.33291  0.02446  0.96052
 0.25322 -0.49806  0.84962
 0.20907 -0.73674  0.66898
 0.18526 -0.87562  0.48270
 0.17294 -0.96052  0.28553
 0.16998 -1.00000  0.07170
 0.17749 -0.98754 -0.16524
 0.20942 -0.88324 -0.45832
 0.34757 -0.29346 -0.90946
 0.38578  0.29633 -0.89297
 0.35538  0.44156 -0.84425
 0.33547  0.45252 -0.84659
 0.32441  0.46113 -0.84626
 0.58167  0.58979 -0.58979
 0.00000  0.00000  0.00000
