      18
-0.00000 -0.00000 -0.00000
-0.35000  0.35000 -0.34345
-0.70000  0.70000  0.00655
-1.00000  1.00000  0.35655
-1.00000  0.65000  0.70655
-0.99555  0.30000  1.00000
-0.64555 -0.05000  1.00000
-0.29555 -0.40000  1.00000
 0.05445 -0.75000  1.00000
 0.40445 -1.00000  0.89651
 0.75445 -0.76083  0.54651
 1.00000 -0.41083  0.19651
 1.00000 -0.06083 -0.15349
 1.00000  0.28917 -0.50349
 1.00000  0.63917 -0.85349
 0.70000  0.70000 -0.70000
 0.35000  0.35000 -0.35000
-0.00000 -0.00000 -0.00000
