      22
 0.00000  0.00000  0.00000
 0.35000  0.35000 -0.35000
 0.70000  0.70000 -0.70000
 0.91468  0.76389 -0.80803
 0.61211  0.67986 -0.72048
 0.26211  0.61475 -0.54505
-0.08789  0.57470 -0.29136
-0.43789  0.51757 -0.02553
-0.78789  0.40134  0.18528
-0.99847  0.31679  0.42235
-1.00000  0.30077  0.70916
-0.98588  0.16273  0.81975
-0.75486  0.08863  0.95162
-0.40486 -0.00725  1.00000
-0.05486 -0.16060  0.94022
 0.29514 -0.37111  0.76205
 0.64514 -0.57674  0.54670
 0.96007 -0.75946  0.32354
 1.00000 -1.00000  0.00651
 0.70000 -0.70000  0.22851
 0.35000 -0.35000  0.35000
 0.00000  0.00000  0.00000
