      26
 0.00000  0.00000  0.00000
 1.00000 -1.00000 -1.00000
 1.00000 -1.00000 -1.00000
 1.00000 -1.00000 -0.53204
 0.85414 -1.00000  0.80129
-0.47919 -0.42357  1.00000
-1.00000  0.90976  1.00000
-1.00000  1.00000  1.00000
-1.00000  1.00000  1.00000
 0.23560  1.00000  1.00000
 0.00000  0.00000  0.00000
 0.00000  0.00000  0.00000
 0.00000  0.00000  0.00000
 0.00000  0.00000  0.00000
 0.00000  0.00000  0.00000
 0.00000  0.00000  0.00000
 1.00000  1.00000  0.03640
 1.00000  1.00000 -1.00000
 1.00000  1.00000 -1.00000
 0.86139  1.00000 -1.00000
-0.47194  0.42357 -1.00000
-1.00000 -0.90976 -1.00000
-1.00000 -1.00000 -0.30565
-1.00000 -1.00000  1.00000
-1.00000 -1.00000  1.00000
 0.00000  0.00000  0.00000
